%YAML:1.0
    KSVMScaleRange: !!opencv-matrix
        rows: 382
        cols: 2
        dt: f
        data: [ 0.038296, 26.357800, 0.026146, 
            25.200500, 0.006689, 24.404700, 0.009648, 
            26.868700, 0.004584, 8.486490, 0.010988, 
            10.215300, 0.005873, 15.035100, 0.009873, 
            10.689600, 0.008168, 10.277200, 0.008455, 
            12.459700, 0.014726, 11.295200, 0.009661, 
            10.352900, 0.010988, 9.464790, 0.012779, 
            12.382100, 0.014281, 10.167700, 0.000672, 
            30.569600, 0.044341, 12.321000, 0.022080, 
            9.699270, 0.005306, 12.291300, 0.010772, 
            16.617300, 0.017134, 9.954200, 0.019785, 
            10.093700, 0.012996, 13.704500, 0.024662, 
            11.410900, 0.005862, 11.029900, 0.006867, 
            13.650900, 0.022709, 14.855900, 0.012456, 
            11.666600, 0.004380, 21.430700, 0.003609, 
            10.112300, 0.010898, 12.745500, 0.008256, 
            17.778700, 0.015672, 18.858100, 0.003536, 
            12.389400, 0.005732, 17.010500, 0.011147, 
            16.863600, 0.027872, 12.180600, 0.003933, 
            9.393550, 0.011791, 13.435900, 0.005371, 
            11.123300, 0.009900, 13.449400, 0.007077, 
            11.493400, 0.009925, 12.176700, 0.004427, 
            19.621200, 0.000721, 9.326190, 0.012632, 
            8.841110, 0.012785, 22.266700, 0.004459, 
            21.056200, 0.003888, 44.291600, 0.011687, 
            32.511200, 0.009927, 13.118600, 0.007662, 
            14.306500, 0.010405, 7.395100, 0.004865, 
            9.612710, 0.011137, 11.217900, 0.014683, 
            14.506800, 0.017415, 15.432700, 0.005630, 
            8.807060, 0.016128, 8.450650, 0.013643, 
            10.508800, 0.006525, 8.097690, 0.028986, 
            11.112600, 0.004658, 14.712000, 0.018393, 
            18.376800, 0.010440, 18.790400, 0.074700, 
            22.957200, 0.006585, 17.875400, 0.004554, 
            16.699500, 0.010741, 14.228100, 0.002090, 
            26.488300, 0.000786, 27.721300, 0.005348, 
            27.775500, 0.008334, 27.323400, 0.003070, 
            17.137900, 0.012815, 19.713800, 0.020352, 
            21.330400, 0.003029, 21.805700, 0.012295, 
            23.755100, 0.022539, 12.962000, 0.062672, 
            35.076000, 0.020198, 19.600800, 0.018110, 
            19.104400, 0.094942, 36.694400, 0.084020, 
            36.492900, 0.007182, 25.384800, 0.004446, 
            14.982100, 0.132169, 38.876900, 0.022035, 
            15.847500, 0.196561, 39.721400, 0.121906, 
            43.501400, 0.087841, 41.614300, 0.010341, 
            12.865600, 0.021109, 31.790800, 0.016834, 
            25.593400, 0.040418, 24.556300, 0.015370, 
            19.923100, 0.005262, 33.946700, 0.005196, 
            20.034200, 0.036008, 32.508500, 0.036188, 
            23.970400, 0.003233, 27.564300, 0.003707, 
            20.743200, 0.004382, 14.720000, 0.089368, 
            28.728700, 0.004598, 17.008500, 0.015763, 
            27.436400, 0.047316, 20.162800, 0.033106, 
            16.463300, 0.001935, 15.501500, 0.013978, 
            20.283700, 0.004283, 29.598500, 0.008721, 
            20.773600, 0.032495, 21.489500, 0.013189, 
            20.919500, 0.045054, 26.568100, 0.017243, 
            13.305900, 0.014684, 24.386600, 0.039663, 
            29.522100, 0.022187, 14.884900, 0.027100, 
            17.521000, 0.026089, 24.811400, 0.027855, 
            25.133500, 0.043616, 25.556000, 0.003836, 
            19.542900, 0.069986, 13.676500, 0.060202, 
            14.954600, 0.002989, 20.895900, 0.025098, 
            13.152800, 0.038406, 19.670200, 0.010212, 
            24.841000, 0.007620, 21.930600, 0.009660, 
            17.933200, 0.038149, 14.329200, 0.036577, 
            32.222200, 0.029637, 32.289300, 0.030162, 
            35.203000, 0.035418, 28.472800, 0.003751, 
            24.394700, 0.019140, 36.130900, 0.008958, 
            20.217600, 0.008156, 17.304800, 0.006122, 
            10.955300, 0.019780, 20.648200, 0.012457, 
            24.528900, 0.020596, 20.581400, 0.065462, 
            21.000900, 0.004455, 10.749700, 0.023568, 
            20.974700, 0.008944, 12.111000, 0.018504, 
            24.388700, 0.030211, 19.566700, 0.012898, 
            13.459000, 0.014288, 17.759600, 0.010191, 
            13.195900, 0.005234, 8.056250, 0.011570, 
            12.279900, 0.007731, 6.610740, 0.016210, 
            8.468430, 0.011375, 14.300700, 0.006655, 
            10.574300, 0.011904, 14.094800, 0.034594, 
            20.429800, 0.007203, 9.635110, 0.026590, 
            8.514590, 0.006371, 11.080200, 0.017103, 
            17.657900, 0.010033, 19.780600, 0.031977, 
            19.951100, 0.013275, 13.661800, 0.042069, 
            21.086600, 0.007269, 9.675950, 0.006484, 
            9.360150, 0.011252, 15.394700, 0.010008, 
            25.436300, 0.001016, 21.697900, 0.015508, 
            24.931100, 0.010873, 23.348800, 0.005174, 
            22.581700, 0.027210, 53.172900, 0.020100, 
            12.840900, 0.029930, 15.904100, 0.028531, 
            14.949900, 0.005215, 8.948480, 0.013399, 
            15.820600, 0.004770, 16.939000, 0.012753, 
            18.775400, 0.033434, 10.379400, 0.043122, 
            16.564200, 0.014140, 24.909200, 0.019912, 
            19.352300, 0.002935, 13.341400, 0.009529, 
            21.673700, 0.001621, 23.852100, 0.022524, 
            13.960600, 0.029154, 22.635300, 0.017744, 
            22.273800, 0.014846, 21.152600, 0.213821, 
            22.113600, 0.037735, 18.523900, 0.034435, 
            28.694400, 0.026741, 27.105700, 0.053338, 
            20.927800, 0.021989, 10.293700, 0.013945, 
            28.532700, 0.032920, 17.378100, 0.023978, 
            19.315300, 0.031696, 12.769700, 0.019903, 
            20.953300, 0.007878, 24.026100, 0.010153, 
            11.621600, 0.016716, 19.601800, 0.032869, 
            23.577200, 0.033987, 23.087900, 0.025999, 
            26.218000, 0.034823, 11.466800, 0.004737, 
            13.458800, 0.017977, 26.427700, 0.054495, 
            18.206600, 0.032233, 22.327900, 0.061048, 
            16.522600, 0.071921, 20.335000, 0.024244, 
            20.742500, 0.017413, 25.330500, 0.063611, 
            24.004500, 0.119251, 30.509500, 0.013605, 
            17.666500, 0.010632, 34.267500, 0.095162, 
            40.106400, 0.098822, 25.799700, 0.118494, 
            30.383600, 0.077655, 35.635700, 0.175682, 
            30.234900, 0.091772, 28.410000, 0.069201, 
            29.277800, 0.045529, 26.596600, 0.100190, 
            26.668500, 0.056941, 32.173800, 0.053285, 
            37.995000, 0.050420, 19.150300, 0.144933, 
            33.522000, 0.034268, 44.236400, 0.041549, 
            45.472200, 0.110252, 40.372100, 0.121931, 
            39.685700, 0.070028, 39.003200, 0.031966, 
            31.779700, 0.005877, 31.934600, 0.021431, 
            27.997000, 0.015415, 27.117300, 0.006559, 
            33.455700, 0.024993, 21.979700, 0.052931, 
            22.954500, 0.008109, 39.792700, 0.074405, 
            39.257800, 0.024677, 32.090500, 0.020484, 
            41.580400, 0.078616, 32.996500, 0.009207, 
            35.679200, 0.122785, 24.835900, 0.036258, 
            40.834300, 0.256184, 40.713700, 0.150360, 
            39.101300, 0.100063, 38.816500, 0.060638, 
            40.157900, 0.128553, 18.716600, 0.218660, 
            41.000000, 0.037682, 36.270500, 0.058363, 
            21.495700, 0.181706, 17.218000, 0.149364, 
            31.858500, 0.235140, 38.722400, 0.174650, 
            39.941900, 0.139732, 26.643700, 0.110099, 
            41.830700, 0.083001, 39.359000, 0.034183, 
            42.854000, 0.016266, 15.706500, 0.009679, 
            13.165300, 0.045775, 28.540300, 0.009537, 
            31.538500, 0.052633, 21.028900, 0.066837, 
            21.203500, 0.054188, 22.794600, 0.008722, 
            18.643500, 0.076882, 19.185700, 0.011382, 
            14.622600, 0.039213, 14.505800, 0.065877, 
